   2.51788087E-02   4.90873866E-02  0.157513261       9.81747732E-02
   7.23405033E-02  0.147262156      0.158761516      0.294524312    
  0.119521625      0.245436937      0.159091800      0.490873873    
  0.168208435      0.343611717      0.159159794      0.687223434    
  0.212912470      0.441786468      0.159592077      0.883572936    
  0.258782208      0.539961278      0.159281224       1.07992256    
  0.298765212      0.638136029      0.158217534       1.27627206    
  0.335921437      0.736310780      0.158358380       1.47262156    
  0.369454324      0.834485590      0.159281224       1.66897118    
  0.400937557      0.932660341      0.159893200       1.86532068    
  0.427427769       1.03083515      0.158426389       2.06167030    
  0.451431185       1.12900984      0.160106912       2.25801969    
  0.470014155       1.22718465      0.159188941       2.45436931    
  0.487538278       1.32535946      0.159757212       2.65071893    
  0.490947902       1.42353415      0.158567235       2.84706831    
  0.497349471       1.52170897      0.160072923       3.04341793    
  0.499253422       1.61988378      0.160233200       3.23976755    
  0.495377511       1.71805859      0.159023806       3.43611717    
  0.486392021       1.81623328      0.159844637       3.63246655    
  0.466381103       1.91440809      0.158620670       3.82881618    
  0.451751739       2.01258278      0.157741547       4.02516556    
  0.428282589       2.11075759      0.159324929       4.22151518    
  0.401112407       2.20893240      0.159247220       4.41786480    
  0.368968636       2.30710721      0.159441501       4.61421442    
  0.340049922       2.40528202      0.160689756       4.81056404    
  0.299260646       2.50345683      0.159261793       5.00691366    
  0.258821070       2.60163140      0.158013538       5.20326281    
  0.217157513       2.69980621      0.159276366       5.39961243    
  0.166314185       2.79798102      0.159388080       5.59596205    
  0.122066706       2.89615583      0.159849495       5.79231167    
   7.38753229E-02   2.99433064      0.158863515       5.98866129    
   2.41199769E-02   3.09250546      0.158868372       6.18501091    
