   4.42465505E-04   213.158417    
   1.14024442E-03   496.862549    
   8.16436834E-04   780.566650    
   4.84776829E-04   1064.27087    
   2.75808532E-04   1347.97498    
   1.56599315E-04   1631.67908    
   9.04212648E-05   1915.38330    
   5.08226731E-05   2199.08740    
   2.90400858E-05   2482.79150    
   1.63739151E-05   2766.49561    
   9.17019952E-06   3050.19971    
   5.57002249E-06   3333.90381    
   3.10603536E-06   3617.60815    
   1.69756265E-06   3901.31226    
   9.27776796E-07   4185.01611    
   5.78179765E-07   4468.72021    
   3.02535909E-07   4752.42432    
   2.05052118E-07   5036.12842    
   1.14291346E-07   5319.83252    
   5.71456731E-08   5603.53662    
   4.36996324E-08   5887.24072    
   1.68075509E-08   6170.94482    
   1.00845305E-08   6454.64893    
   0.00000000       6738.35303    
   3.36151018E-09   7022.05762    
   3.36151018E-09   7305.76172    
   0.00000000       7589.46582    
   0.00000000       7873.16992    
   0.00000000       8156.87402    
   0.00000000       8440.57812    
   0.00000000       8724.28223    
   0.00000000       9007.98633    
