   9.81747732E-02   1.56765282E-01   1.59154937E-01  -1.50146428E-02
   2.94524312E-01   1.59106374E-01   1.59154937E-01  -3.05129623E-04
   4.90873873E-01   1.59086943E-01   1.59154937E-01  -4.27218911E-04
   6.87223434E-01   1.59723207E-01   1.59154937E-01   3.57055012E-03
   8.83572936E-01   1.57926112E-01   1.59154937E-01  -7.72093097E-03
   1.07992256E+00   1.59120932E-01   1.59154937E-01  -2.13656269E-04
   1.27627206E+00   1.60335198E-01   1.59154937E-01   7.41580129E-03
   1.47262156E+00   1.59140363E-01   1.59154937E-01  -9.15669734E-05
   1.66897118E+00   1.59587219E-01   1.59154937E-01   2.71611242E-03
   1.86532068E+00   1.60922900E-01   1.59154937E-01   1.11084403E-02
   2.06167030E+00   1.58630386E-01   1.59154937E-01  -3.29584931E-03
   2.25801969E+00   1.58844084E-01   1.59154937E-01  -1.95314782E-03
   2.45436931E+00   1.59057796E-01   1.59154937E-01  -6.10352843E-04
   2.65071893E+00   1.59193799E-01   1.59154937E-01   2.44178605E-04
   2.84706831E+00   1.58926666E-01   1.59154937E-01  -1.43426831E-03
   3.04341793E+00   1.59014091E-01   1.59154937E-01  -8.84960114E-04
   3.23976755E+00   1.59125790E-01   1.59154937E-01  -1.83133947E-04
   3.43611717E+00   1.58207819E-01   1.59154937E-01  -5.95091702E-03
   3.63246655E+00   1.58853799E-01   1.59154937E-01  -1.89210323E-03
   3.82881618E+00   1.59052938E-01   1.59154937E-01  -6.40875194E-04
   4.02516556E+00   1.59499794E-01   1.59154937E-01   2.16680416E-03
   4.22151518E+00   1.58790663E-01   1.59154937E-01  -2.28879973E-03
   4.41786480E+00   1.57756120E-01   1.59154937E-01  -8.78902525E-03
   4.61421442E+00   1.59451216E-01   1.59154937E-01   1.86158088E-03
   4.81056404E+00   1.58251539E-01   1.59154937E-01  -5.67621598E-03
   5.00691366E+00   1.58868372E-01   1.59154937E-01  -1.80053629E-03
   5.20326281E+00   1.58897519E-01   1.59154937E-01  -1.61740230E-03
   5.39961243E+00   1.61462024E-01   1.59154937E-01   1.44958571E-02
   5.59596205E+00   1.59266651E-01   1.59154937E-01   7.01919838E-04
   5.79231167E+00   1.59985483E-01   1.59154937E-01   5.21847466E-03
   5.98866129E+00   1.59830064E-01   1.59154937E-01   4.24194755E-03
   6.18501091E+00   1.60276905E-01   1.59154937E-01   7.04953354E-03
