   4.90873866E-02   2.42462605E-02   4.90676761E-02  -5.05860806E-01
   1.47262156E-01   7.44095966E-02   1.46730468E-01  -4.92882431E-01
   2.45436937E-01   1.20901026E-01   2.42980197E-01  -5.02424359E-01
   3.43611717E-01   1.70938075E-01   3.36889863E-01  -4.92599517E-01
   4.41786468E-01   2.12883323E-01   4.27555084E-01  -5.02091467E-01
   5.39961278E-01   2.55955398E-01   5.14102757E-01  -5.02131820E-01
   6.38136029E-01   2.99425781E-01   5.95699310E-01  -4.97354150E-01
   7.36310780E-01   3.32434088E-01   6.71558976E-01  -5.04981518E-01
   8.34485590E-01   3.69425178E-01   7.40951180E-01  -5.01417637E-01
   9.32660341E-01   4.02025521E-01   8.03207517E-01  -4.99474913E-01
   1.03083515E+00   4.30429399E-01   8.57728660E-01  -4.98175323E-01
   1.12900984E+00   4.48895812E-01   9.03989315E-01  -5.03427982E-01
   1.22718465E+00   4.69023317E-01   9.41544056E-01  -5.01857281E-01
   1.32535946E+00   4.86916572E-01   9.70031261E-01  -4.98040318E-01
   1.42353415E+00   4.93891269E-01   9.89176512E-01  -5.00704587E-01
   1.52170897E+00   4.94930685E-01   9.98795450E-01  -5.04472435E-01
   1.61988378E+00   4.98330593E-01   9.98795450E-01  -5.01068413E-01
   1.71805859E+00   4.94872391E-01   9.89176512E-01  -4.99712765E-01
   1.81623328E+00   4.88587409E-01   9.70031261E-01  -4.96317863E-01
   1.91440809E+00   4.71655816E-01   9.41544056E-01  -4.99061346E-01
   2.01258278E+00   4.51343745E-01   9.03989315E-01  -5.00720024E-01
   2.11075759E+00   4.28923726E-01   8.57728601E-01  -4.99930710E-01
   2.20893240E+00   4.03006643E-01   8.03207517E-01  -4.98253405E-01
   2.30710721E+00   3.69687468E-01   7.40951061E-01  -5.01063585E-01
   2.40528202E+00   3.34901482E-01   6.71558857E-01  -5.01307309E-01
   2.50345683E+00   2.97055542E-01   5.95699131E-01  -5.01332939E-01
   2.60163140E+00   2.56392539E-01   5.14102757E-01  -5.01281559E-01
   2.69980621E+00   2.13709027E-01   4.27555054E-01  -5.00160217E-01
   2.79798102E+00   1.70578659E-01   3.36889803E-01  -4.93666321E-01
   2.89615583E+00   1.21105015E-01   2.42980078E-01  -5.01584589E-01
   2.99433064E+00   7.46815875E-02   1.46730334E-01  -4.91028309E-01
   3.09250546E+00   2.43531149E-02   4.90674861E-02  -5.03681242E-01
